# Motif: CTGCAATC	Enrichment Score: 0.494626046714954
1	CTGCAATC	0.494626046714954

Enrichment score matrix

A:	0.0559593023255814	0.0409420289855072	0.0914713541666667	0.0038265306122449	0.0217521752175218	-0.00961538461538462	-0.085609243697479	-0.156378600823045	-0.174019607843137	-0.00987012987012987	0.439252336448598	0.43734335839599	-0.240797940797941	0.14015444015444	0.00756302521008403	-0.0276110444177671	0.033203125	0.000672043010752688	-0.010811768876285	0.0583405358686258
C:	0.0280898876404494	-0.0693016660758596	-0.0244140625	-0.0691971258981568	-0.0270588235294118	0.052049622437972	0.188352826510721	-0.165380658436214	-0.206422018348624	0.279881947860305	-0.216615698267074	-0.157407407407407	0.0411793372319688	0.149544534412955	0.0261904761904762	-0.0684375	0.0068359375	0.0315789473684211	0.0163194444444444	-0.0677626303127506
G:	-0.0503968253968254	0.0155797101449275	-0.0794270833333333	0.0342080599812559	0.0276470588235294	0.0914808461978273	-0.107323232323232	0.00144167758846658	0.44331983805668	-0.405194805194805	-0.0701298701298701	-0.157671957671958	-0.21969111969112	-0.160130718954248	-0.0165016501650165	0.0356596265687175	-0.0397135416666667	0.0292338709677419	0.00869565217391304	0.0380184331797235
T:	-0.0385509492444789	0.0140021269053527	0.0123697916666667	0.0318877551020408	-0.0223522352235224	-0.131318681318681	-0.00536062378167641	0.316037735849057	-0.0953667953667954	0.115115115115115	-0.169724770642202	-0.146560846560847	0.394736842105263	-0.152210175145955	-0.0157053112507139	0.0595347413529232	-0.000325520833333333	-0.0614275909402883	-0.0150166852057842	-0.0260625501202887

Energy matrix for enoLOGOS

PO	1	2	3	4	5	6	7	8	9	10	11	12	13	14	15	16	17	18	19	20
A:	-0.515404221396923	-0.377090022475836	-0.842482306160582	-0.0352436493825619	-0.20034493758424	0.0885609651151556	0.788490273441238	1.44030014047364	1.60277981963311	0.0909072556195052	-4.04566352787739	-4.02808119025024	2.21783099562	-1.29087009846616	-0.0696580364267106	0.254307117113388	-0.305812082663272	-0.00618974487363991	0.0995800713737234	-0.537336192833528
C:	-0.258717426179106	0.638291932903702	0.2248618254877	0.637329082284513	0.24922097477112	-0.479394738886571	-1.73479364218752	1.52321215513907	1.90121704926114	-2.5778080037651	1.99510431095305	1.44977579929255	-0.379275712198824	-1.37735606271203	-0.241223200218424	0.63033266920712	-0.0629613111365559	-0.290852853851879	-0.150307638014889	0.624116889680824
G:	0.464171915571816	-0.143494433331513	0.731550472253317	-0.315067875892344	-0.254638822048753	-0.842569730998393	0.988483499517646	-0.013278341296427	-4.08312660215138	3.73198207280074	0.645919974138589	1.45221239727455	2.02342998905577	1.47485842557789	0.151985814719079	-0.328437298235453	0.365775236126658	-0.269253902003336	-0.0800899162780538	-0.350162709994486
T:	0.355067364204429	-0.128964354729904	-0.113929991580435	-0.293697078188016	0.205871694483116	1.20948975214413	0.0493731696353499	-2.91081511755851	0.878360645512787	-1.06024939216943	1.56322290717027	1.34987528203037	-3.63566067314849	1.40190752117236	0.144651262266902	-0.548335231817988	0.00299815767316933	0.565769020790575	0.138308782004092	0.240044957569548

Reverse complement matrix for enoLOGOS

PO	1	2	3	4	5	6	7	8	9	10	11	12	13	14	15	16	17	18	19	20
T:	-0.537336192833528	0.0995800713737234	-0.00618974487363991	-0.305812082663272	0.254307117113388	-0.0696580364267106	-1.29087009846616	2.21783099562	-4.02808119025024	-4.04566352787739	0.0909072556195052	1.60277981963311	1.44030014047364	0.788490273441238	0.0885609651151556	-0.20034493758424	-0.0352436493825619	-0.842482306160582	-0.377090022475836	-0.515404221396923
G:	0.624116889680824	-0.150307638014889	-0.290852853851879	-0.0629613111365559	0.63033266920712	-0.241223200218424	-1.37735606271203	-0.379275712198824	1.44977579929255	1.99510431095305	-2.5778080037651	1.90121704926114	1.52321215513907	-1.73479364218752	-0.479394738886571	0.24922097477112	0.637329082284513	0.2248618254877	0.638291932903702	-0.258717426179106
C:	-0.350162709994486	-0.0800899162780538	-0.269253902003336	0.365775236126658	-0.328437298235453	0.151985814719079	1.47485842557789	2.02342998905577	1.45221239727455	0.645919974138589	3.73198207280074	-4.08312660215138	-0.013278341296427	0.988483499517646	-0.842569730998393	-0.254638822048753	-0.315067875892344	0.731550472253317	-0.143494433331513	0.464171915571816
A:	0.240044957569548	0.138308782004092	0.565769020790575	0.00299815767316933	-0.548335231817988	0.144651262266902	1.40190752117236	-3.63566067314849	1.34987528203037	1.56322290717027	-1.06024939216943	0.878360645512787	-2.91081511755851	0.0493731696353499	1.20948975214413	0.205871694483116	-0.293697078188016	-0.113929991580435	-0.128964354729904	0.355067364204429

Probability matrix

A:	0.389433165398979	0.340807487599652	0.491705969268622	0.242235334990052	0.297630946179334	0.177682718896908	0.0610414885882644	0.0119383386165134	0.00335019214976369	0.0537359905159692	0.985011057230288	0.987202277136016	0.00274658609549114	0.450255957333272	0.263472614701428	0.175163223193427	0.330075963641569	0.238399305698906	0.225087575561501	0.384328774973547
C:	0.301269575802187	0.123462295516179	0.169107867873987	0.123635408507464	0.189860268189102	0.313548855134816	0.761155512189938	0.0109884304198056	0.00248576503342497	0.774949798290645	0.00234406131088396	0.00412480180049304	0.0368724783456896	0.49093030827595	0.312784544519112	0.120264404661214	0.258907809199183	0.316907562950422	0.288985715796876	0.12030681706513
G:	0.14622055358902	0.269811124744921	0.10188534740192	0.320452461328616	0.314237216684587	0.450847965700883	0.0499768824593073	0.0510769559547683	0.987250813443208	0.00140918028092801	0.00903466969243192	0.00411476355130508	0.00333595744200173	0.0283347138596154	0.211094432849957	0.313708013048127	0.168634812153602	0.310136083435337	0.269389837041524	0.318723797208794
T:	0.163076705209814	0.265919092139248	0.237300815455471	0.313676795173867	0.198271568946976	0.057920460267394	0.12782611676249	0.925996275008913	0.0069132293736035	0.169905030912458	0.00361021176639639	0.00455815751218586	0.957044978116818	0.0304790205311631	0.212648407929503	0.390864359097232	0.242381415005645	0.134557047915335	0.216536871600097	0.176640610752529



# Motif: CTGCAATA	Enrichment Score: 0.493463272341554
2	CTGCAATA	0.493463272341554

Enrichment score matrix

A:	0.0559593023255814	0.0409420289855072	0.0914713541666667	0.0038265306122449	0.0217521752175218	-0.00961538461538462	-0.131043887924622	-0.158333333333333	-0.150505050505051	-0.0498771498771499	0.42422328870927	0.445421149304644	-0.39696106362773	0.14015444015444	0.00756302521008403	-0.0276110444177671	0.033203125	0.000672043010752688	-0.010811768876285	0.0583405358686258
C:	0.0280898876404494	-0.0693016660758596	-0.0244140625	-0.0691971258981568	-0.0270588235294118	0.052049622437972	0.222539052814282	-0.121869575998016	-0.152525252525253	0.319164619164619	-0.0965055965055965	-0.181360544217687	0.0580426861009891	0.149544534412955	0.0261904761904762	-0.0684375	0.0068359375	0.0315789473684211	0.0163194444444444	-0.0677626303127506
G:	-0.0503968253968254	0.0155797101449275	-0.0794270833333333	0.0342080599812559	0.0276470588235294	0.0914808461978273	-0.0879021879021879	-0.0224747474747475	0.41972170189992	-0.323832923832924	-0.258744855967078	-0.16842397336293	-0.0105651105651106	-0.160130718954248	-0.0165016501650165	0.0356596265687175	-0.0397135416666667	0.0292338709677419	0.00869565217391304	0.0380184331797235
T:	-0.0385509492444789	0.0140021269053527	0.0123697916666667	0.0318877551020408	-0.0223522352235224	-0.131318681318681	-0.00681874535085544	0.299404909496653	-0.143828016643551	0.0555555555555556	-0.0794438927507448	-0.117647058823529	0.366584766584767	-0.152210175145955	-0.0157053112507139	0.0595347413529232	-0.000325520833333333	-0.0614275909402883	-0.0150166852057842	-0.0260625501202887

Energy matrix for enoLOGOS

PO	1	2	3	4	5	6	7	8	9	10	11	12	13	14	15	16	17	18	19	20
A:	-0.515404221396923	-0.377090022475836	-0.842482306160582	-0.0352436493825619	-0.20034493758424	0.0885609651151556	1.20695881145287	1.45830389222956	1.38620274285298	0.45938552715262	-3.9072408827315	-4.1024803939726	3.65614651043309	-1.29087009846616	-0.0696580364267106	0.254307117113388	-0.305812082663272	-0.00618974487363991	0.0995800713737234	-0.537336192833528
C:	-0.258717426179106	0.638291932903702	0.2248618254877	0.637329082284513	0.24922097477112	-0.479394738886571	-2.04966042247672	1.12246027593015	1.4048094910792	-2.9396147771983	0.888849391617139	1.67039234229174	-0.534592895093881	-1.37735606271203	-0.241223200218424	0.63033266920712	-0.0629613111365559	-0.290852853851879	-0.150307638014889	0.624116889680824
G:	0.464171915571816	-0.143494433331513	0.731550472253317	-0.315067875892344	-0.254638822048753	-0.842569730998393	0.809609070020558	0.207000074016636	-3.86577973600338	2.98261145215347	2.38312819295474	1.55124212147324	0.0973082643722299	1.47485842557789	0.151985814719079	-0.328437298235453	0.365775236126658	-0.269253902003336	-0.0800899162780538	-0.350162709994486
T:	0.355067364204429	-0.128964354729904	-0.113929991580435	-0.293697078188016	0.205871694483116	1.20948975214413	0.0628029655912088	-2.75762112550489	1.32470498831336	-0.511685576220899	0.731705292709131	1.08356945552661	-3.37637047542714	1.40190752117236	0.144651262266902	-0.548335231817988	0.00299815767316933	0.565769020790575	0.138308782004092	0.240044957569548

Reverse complement matrix for enoLOGOS

PO	1	2	3	4	5	6	7	8	9	10	11	12	13	14	15	16	17	18	19	20
T:	-0.537336192833528	0.0995800713737234	-0.00618974487363991	-0.305812082663272	0.254307117113388	-0.0696580364267106	-1.29087009846616	3.65614651043309	-4.1024803939726	-3.9072408827315	0.45938552715262	1.38620274285298	1.45830389222956	1.20695881145287	0.0885609651151556	-0.20034493758424	-0.0352436493825619	-0.842482306160582	-0.377090022475836	-0.515404221396923
G:	0.624116889680824	-0.150307638014889	-0.290852853851879	-0.0629613111365559	0.63033266920712	-0.241223200218424	-1.37735606271203	-0.534592895093881	1.67039234229174	0.888849391617139	-2.9396147771983	1.4048094910792	1.12246027593015	-2.04966042247672	-0.479394738886571	0.24922097477112	0.637329082284513	0.2248618254877	0.638291932903702	-0.258717426179106
C:	-0.350162709994486	-0.0800899162780538	-0.269253902003336	0.365775236126658	-0.328437298235453	0.151985814719079	1.47485842557789	0.0973082643722299	1.55124212147324	2.38312819295474	2.98261145215347	-3.86577973600338	0.207000074016636	0.809609070020558	-0.842569730998393	-0.254638822048753	-0.315067875892344	0.731550472253317	-0.143494433331513	0.464171915571816
A:	0.240044957569548	0.138308782004092	0.565769020790575	0.00299815767316933	-0.548335231817988	0.144651262266902	1.40190752117236	-3.37637047542714	1.08356945552661	0.731705292709131	-0.511685576220899	1.32470498831336	-2.75762112550489	0.0628029655912088	1.20948975214413	0.205871694483116	-0.293697078188016	-0.113929991580435	-0.128964354729904	0.355067364204429

Probability matrix

A:	0.389433165398979	0.340807487599652	0.491705969268622	0.242235334990052	0.297630946179334	0.177682718896908	0.0316563042795297	0.0135775794963804	0.00515492003375863	0.0297131504452664	0.980599868948491	0.987937953486143	0.000809669094058445	0.450255957333272	0.263472614701428	0.175163223193427	0.330075963641569	0.238399305698906	0.225087575561501	0.384328774973547
C:	0.301269575802187	0.123462295516179	0.169107867873987	0.123635408507464	0.189860268189102	0.313548855134816	0.821848893280264	0.0189966658505513	0.00505989057088105	0.889438200569503	0.00810170247121071	0.00307328542196417	0.0534961540760014	0.49093030827595	0.312784544519112	0.120264404661214	0.258907809199183	0.316907562950422	0.288985715796876	0.12030681706513
G:	0.14622055358902	0.269811124744921	0.10188534740192	0.320452461328616	0.314237216684587	0.450847965700883	0.0471006620663621	0.0474522377508923	0.984303302533668	0.00238300858031617	0.00181810621817369	0.00346217630151007	0.0284374974039649	0.0283347138596154	0.211094432849957	0.313708013048127	0.168634812153602	0.310136083435337	0.269389837041524	0.318723797208794
T:	0.163076705209814	0.265919092139248	0.237300815455471	0.313676795173867	0.198271568946976	0.057920460267394	0.0993941403738444	0.919973516902176	0.00548188686169264	0.0784656404049151	0.00948032236212435	0.0055265847903828	0.917256679425975	0.0304790205311631	0.212648407929503	0.390864359097232	0.242381415005645	0.134557047915335	0.216536871600097	0.176640610752529



# Motif: ATTGCA..TA	Enrichment Score: 0.492053264604811
3	ATTGCA..TA	0.492053264604811

Enrichment score matrix

A:	0.00730282375851996	-0.0167548500881834	0.0511463844797178	-0.00129645635263613	-0.152329749103943	-0.100657894736842	0.305147058823529	-0.054421768707483	-0.133578431372549	0.00619195046439629	-0.133253301320528	0.254734848484849	0.0426716141001855	-0.147186147186147	-0.205882352941176	0.2178125	-0.0585526315789474	0.0279223031564343	0.0367816091954023	-0.030321046373365	0.068342151675485	0.00123456790123457
C:	0.0803310613437196	0.0193965517241379	-0.0771604938271605	0.0486274509803922	0.0544802867383513	-0.145497311827957	-0.118470418470418	-0.1728320194057	-0.165729459543893	-0.336340206185567	0.3925	-0.16875	-0.0893630179344465	0.0015460729746444	0.170709520921771	0.0277012549739822	-0.0273026315789474	-0.0585106382978723	-0.0456928838951311	0.062029330162505	0.0322719449225473	-0.0322115384615385
G:	0.0326192794547225	-0.0040650406504065	-0.00407239819004525	-0.159983961507618	0.162365591397849	0.20625	0.152865286528653	-0.090599876314162	-0.0825892857142857	0.253865979381443	-0.1	-0.0372474747474747	0.0972222222222222	0.0651910248635537	-0.106774193548387	-0.111876339149066	-0.0151315789473684	0.000867152271938953	0.0366568914956012	-0.0697674418604651	-0.0399495374264087	0.0907172995780591
T:	-0.118274582560297	-0.00231696014828545	0.0274193548387097	0.1036866359447	-0.0691244239631336	0.0368421052631579	-0.31038961038961	0.347222222222222	0.397959183673469	0.0876288659793814	-0.14765906362545	-0.038510101010101	-0.0485466914038343	0.0825806451612903	0.141098484848485	-0.131516936671576	0.0986842105263158	0.0278532608695652	-0.0307116104868914	0.0358699960364645	-0.0595238095238095	-0.0590659340659341

Energy matrix for enoLOGOS

PO	1	2	3	4	5	6	7	8	9	10	11	12	13	14	15	16	17	18	19	20	21	22
A:	-0.0672614924925233	0.154317872193604	-0.471075609854161	0.0119408042851895	1.40300883802505	0.927093471652866	-2.81050827527214	0.501243013440881	1.23030281929584	-0.0570299713435058	1.22730826085157	-2.34619465914924	-0.393020090084327	1.3556345136242	1.89624654717157	-2.00612726227106	0.539289666517027	-0.257173916040265	-0.338771140118664	0.279267157533166	-0.629454478684439	-0.0113707905826866
C:	-0.739876417417756	-0.178648843421952	0.710674411417915	-0.447875374950999	-0.501781984423075	1.34007976514304	1.09115287812301	1.59184172590249	1.52642473206291	3.09780777974972	-3.61505859600065	1.55424493777098	0.823063811843264	-0.0142398583363887	-1.5722927924265	-0.255137987041275	0.251466529892771	0.538902894104989	0.420847013251346	-0.571311243842359	-0.29723559720233	0.296679233135771
G:	-0.300434666466604	0.0374404080161633	0.0375081734605365	1.4735067395423	-1.4954423614714	-1.89963270172009	-1.40794131998856	0.834455698512375	0.760675432506962	-2.33819207896818	0.921034037197618	0.34306192042083	-0.895449758386573	-0.600431528191292	0.983426665523909	1.03041916313355	0.139366992470692	-0.00798676757889021	-0.337622447653086	0.642581886416943	0.367948837400226	-0.835537206740456
T:	1.08934916273373	0.0213399915940134	-0.252541590844508	-0.954989209075871	0.636659472717248	-0.339328329493859	2.85879395961339	-3.19803485138062	-3.66533953578644	-0.807091682080387	1.35999023499768	0.354691138062214	0.447131551762604	-0.760595850072872	-1.29956507142467	1.21131575142485	-0.908915168287123	-0.256538013078141	0.282864385955823	-0.330374872637275	0.548234545950963	0.544017357135956

Reverse complement matrix for enoLOGOS

PO	1	2	3	4	5	6	7	8	9	10	11	12	13	14	15	16	17	18	19	20	21	22
T:	-0.0113707905826866	-0.629454478684439	0.279267157533166	-0.338771140118664	-0.257173916040265	0.539289666517027	-2.00612726227106	1.89624654717157	1.3556345136242	-0.393020090084327	-2.34619465914924	1.22730826085157	-0.0570299713435058	1.23030281929584	0.501243013440881	-2.81050827527214	0.927093471652866	1.40300883802505	0.0119408042851895	-0.471075609854161	0.154317872193604	-0.0672614924925233
G:	0.296679233135771	-0.29723559720233	-0.571311243842359	0.420847013251346	0.538902894104989	0.251466529892771	-0.255137987041275	-1.5722927924265	-0.0142398583363887	0.823063811843264	1.55424493777098	-3.61505859600065	3.09780777974972	1.52642473206291	1.59184172590249	1.09115287812301	1.34007976514304	-0.501781984423075	-0.447875374950999	0.710674411417915	-0.178648843421952	-0.739876417417756
C:	-0.835537206740456	0.367948837400226	0.642581886416943	-0.337622447653086	-0.00798676757889021	0.139366992470692	1.03041916313355	0.983426665523909	-0.600431528191292	-0.895449758386573	0.34306192042083	0.921034037197618	-2.33819207896818	0.760675432506962	0.834455698512375	-1.40794131998856	-1.89963270172009	-1.4954423614714	1.4735067395423	0.0375081734605365	0.0374404080161633	-0.300434666466604
A:	0.544017357135956	0.548234545950963	-0.330374872637275	0.282864385955823	-0.256538013078141	-0.908915168287123	1.21131575142485	-1.29956507142467	-0.760595850072872	0.447131551762604	0.354691138062214	1.35999023499768	-0.807091682080387	-3.66533953578644	-3.19803485138062	2.85879395961339	-0.339328329493859	0.636659472717248	-0.954989209075871	-0.252541590844508	0.0213399915940134	1.08934916273373

Probability matrix

A:	0.220434022348996	0.214532091126043	0.368760904427711	0.183637389224256	0.0356939944860954	0.0452491139031782	0.787635162170988	0.0235456225084164	0.00729666241842876	0.0772330514753174	0.00769212193299058	0.865568214574311	0.295790985917736	0.0492462830363298	0.0166635652316963	0.792606661334385	0.123751667997388	0.309607720297978	0.332915819218704	0.170179722330296	0.417683740873742	0.217926291871889
C:	0.43190832568647	0.29929390539038	0.113114259885479	0.29084174327697	0.23979233439071	0.0299400423717868	0.0159167790199694	0.00791168839720476	0.00542650417286745	0.00329362816290999	0.975122921491576	0.0175130547723676	0.0876690714668222	0.19377704883643	0.53473107284866	0.137598195305378	0.165025501540478	0.139662565606326	0.155753014079142	0.398390814779372	0.299617201204545	0.160149358626759
G:	0.278320020837999	0.241130143036144	0.221753120940733	0.0425805325830449	0.647703903223159	0.764260929087008	0.193730503329147	0.0168732113550546	0.0116702681929931	0.755960858942333	0.0104486303535792	0.0587992798371499	0.488863223860787	0.348242799163633	0.0415145718696082	0.038045418120526	0.184601519652343	0.241318811678984	0.332533620881696	0.118337456032621	0.154056779003875	0.496867460320209
T:	0.0693376311265338	0.245043860447433	0.296371714746077	0.482940334915728	0.0768097679000364	0.160549914638027	0.00271755547989507	0.951669477739324	0.975606565215711	0.163512461419439	0.00673632622185485	0.0581194508161713	0.127676718754654	0.408733868963607	0.407090790050035	0.0317497252397104	0.526621310809791	0.309410902416713	0.178797545820458	0.313092006857712	0.128642278917838	0.125056889181143



# Motif: G..GATTGCA	Enrichment Score: 0.491334359488354
4	G..GATTGCA	0.491334359488354

Enrichment score matrix

A:	-0.0296703296703297	0.0826506024096385	-0.0102880658436214	0.060536398467433	-0.0402339595887983	-0.0555921052631579	0.0820707070707071	-0.00617283950617284	-0.032051282051282	-0.111426767676768	0.288825757575758	-0.0986333927510398	-0.0723211496407373	0.0474189675870348	-0.0915275200989487	0.247448979591837	-0.00536062378167641	-0.167879417879418	-0.182885431400283	0.188151041666667	0.0036420395421436	-0.0361512791991101
C:	-0.0860631328171531	0.0308641975308642	-0.00837209302325581	0.0423868312757202	0.011166253101737	0.0220394736842105	-0.0883838383838384	0.0785800970873786	0.0568092364208869	-0.0580808080808081	-0.189393939393939	-0.0860148514851485	-0.156982193064667	-0.248086929905112	0.371527777777778	-0.0832552327397688	-0.107323232323232	-0.0569126819126819	0.231097381582818	-0.0358072916666667	-0.0156028368794326	-0.082010582010582
G:	0.0619047619047619	-0.051440329218107	-0.0534062237174096	-0.0771943573667712	-0.0854653318502039	0.00756578947368421	0.0747422680412371	-0.0607940446650124	0.000868055555555556	0.173969072164948	0.0739022881880025	-0.117492711370262	-0.103635204081633	0.2428125	-0.170709520921771	-0.176658163265306	0.188352826510721	0.101078167115903	-0.0783333333333333	-0.0964912280701754	-0.0213994565217391	-0.0378787878787879
T:	0.0554945054945055	-0.0552160628546486	0.0749559082892416	-0.0240060015003751	0.11077632045374	0.0391447368421053	-0.0554123711340206	-0.0115039281705948	-0.0146901709401709	0.0167525773195876	-0.167980594299576	0.313428217821782	0.337691326530612	-0.0381083562901745	-0.100378787878788	0.013901905654483	-0.085609243697479	0.140481651376147	0.04296875	-0.0406901041666667	0.0334720776968436	0.161104931405265

Energy matrix for enoLOGOS

PO	1	2	3	4	5	6	7	8	9	10	11	12	13	14	15	16	17	18	19	20	21	22
A:	0.27327383521248	-0.761240180141646	0.0947565881890554	-0.557560834778635	0.370568462325167	0.512022211468413	-0.755899146689965	0.0568539529134332	0.295203217050519	1.02627845685214	-2.66018353546661	0.908447119279885	0.666102404283813	-0.436744831564297	0.842999613514208	-2.279089326739	0.0493731696353499	1.54622658011866	1.68443707227231	-1.73293513509187	-0.0335444238313389	0.332965586306147
C:	0.792670746724573	-0.284269764567166	0.0771098263700332	-0.390397143338908	-0.102844991746632	-0.202991054250791	0.814045234896885	-0.723749440637692	-0.523232403708434	0.534944011503667	1.74438264620761	0.792226059223199	1.44585943046486	2.28496506626468	-3.42189729097726	0.766809031281366	0.988483499517646	0.524185171897813	-2.12848554345022	0.329797344048626	0.143707438427997	0.755345374421327
G:	-0.570163927789002	0.473782940945277	0.49188949841925	0.71098630614393	0.787164796344275	-0.0696834962353461	-0.688401728833271	0.559933843953887	-0.00799508712845155	-1.60231436883606	-0.680665228479378	1.08214786294647	0.954515504111052	-2.23638577157047	1.5722927924265	1.62708181316161	-1.73479364218752	-0.930964323312957	0.721476662471468	0.888717053436298	0.197096278340523	0.348876529241522
T:	-0.511123284378898	0.508558732891745	-0.690369428234546	0.221103444788626	-1.02028761653405	-0.360536350087226	0.510366798962598	0.105955094065944	0.135301474481488	-0.15429693922125	1.54715844938593	-2.88678056832051	-3.11025205801109	0.350990932449046	0.924522802490033	-0.128041282896889	0.788490273441238	-1.29388382519161	-0.395756812858352	0.374769709146166	-0.308289228545162	-1.48383125384637

Reverse complement matrix for enoLOGOS

PO	1	2	3	4	5	6	7	8	9	10	11	12	13	14	15	16	17	18	19	20	21	22
T:	0.332965586306147	-0.0335444238313389	-1.73293513509187	1.68443707227231	1.54622658011866	0.0493731696353499	-2.279089326739	0.842999613514208	-0.436744831564297	0.666102404283813	0.908447119279885	-2.66018353546661	1.02627845685214	0.295203217050519	0.0568539529134332	-0.755899146689965	0.512022211468413	0.370568462325167	-0.557560834778635	0.0947565881890554	-0.761240180141646	0.27327383521248
G:	0.755345374421327	0.143707438427997	0.329797344048626	-2.12848554345022	0.524185171897813	0.988483499517646	0.766809031281366	-3.42189729097726	2.28496506626468	1.44585943046486	0.792226059223199	1.74438264620761	0.534944011503667	-0.523232403708434	-0.723749440637692	0.814045234896885	-0.202991054250791	-0.102844991746632	-0.390397143338908	0.0771098263700332	-0.284269764567166	0.792670746724573
C:	0.348876529241522	0.197096278340523	0.888717053436298	0.721476662471468	-0.930964323312957	-1.73479364218752	1.62708181316161	1.5722927924265	-2.23638577157047	0.954515504111052	1.08214786294647	-0.680665228479378	-1.60231436883606	-0.00799508712845155	0.559933843953887	-0.688401728833271	-0.0696834962353461	0.787164796344275	0.71098630614393	0.49188949841925	0.473782940945277	-0.570163927789002
A:	-1.48383125384637	-0.308289228545162	0.374769709146166	-0.395756812858352	-1.29388382519161	0.788490273441238	-0.128041282896889	0.924522802490033	0.350990932449046	-3.11025205801109	-2.88678056832051	1.54715844938593	-0.15429693922125	0.135301474481488	0.105955094065944	0.510366798962598	-0.360536350087226	-1.02028761653405	0.221103444788626	-0.690369428234546	0.508558732891745	-0.511123284378898

Probability matrix

A:	0.16365785557878	0.45612592507411	0.20480340604999	0.386649793539066	0.137305290098548	0.1383828876099	0.41242740941955	0.210990972814762	0.172576573278187	0.050645722771122	0.858190057316103	0.021073857500964	0.0218033228101277	0.132133360680893	0.0135940592998906	0.844570987764106	0.12782611676249	0.030483823016908	0.0175722064233201	0.75682729891449	0.253306392032659	0.113742083756979
C:	0.097356654954633	0.28309952302717	0.208449600114644	0.327129352358761	0.220438841938107	0.282884208542227	0.0858083079909317	0.460548763797636	0.391222582138096	0.0827802267667829	0.0104882900899845	0.02367108713704	0.00999720300610912	0.00868938202090036	0.967320410659802	0.0401623678326614	0.0499768824593073	0.0847103303522302	0.795715005985349	0.0961974268555818	0.212161532322788	0.0745562350813549
G:	0.380397122071838	0.132654207883816	0.137677998422303	0.1087413597414	0.0905235925144594	0.247579093042323	0.385508327762772	0.127578958930801	0.23370025792822	0.70165905264171	0.118546736064993	0.0177135971928176	0.0163405423565379	0.799073283643171	0.00655573148046933	0.0169905558549172	0.761155512189938	0.362994271608921	0.0460293337345108	0.055008234932125	0.201131533497497	0.111946661262386
T:	0.358588367394749	0.128120344014904	0.449068995413064	0.177479494360773	0.551732275448885	0.33115381080555	0.116255954826747	0.200881304456801	0.202500586655497	0.164914997820385	0.0127749165289199	0.937541458169178	0.951858931827225	0.0601039736550354	0.0125297985598378	0.0982760885483155	0.0610414885882644	0.521811575021941	0.140683453856821	0.0919670392978038	0.333400542147057	0.69975501989928



# Motif: C.ATTGCA.G	Enrichment Score: 0.490858221003069
5	C.ATTGCA.G	0.490858221003069

Enrichment score matrix

A:	-0.00823045267489712	-0.0070242656449553	0.0345643939393939	-0.109236947791165	0.032183908045977	0.0048828125	-0.0375655212580082	-0.155357142857143	0.285281385281385	-0.114220445459737	-0.147964796479648	0.0463371579876434	-0.1421875	0.304395604395604	0.00909090909090909	-0.2296875	-0.18375350140056	0.0702455739577384	0.0445963541666667	-0.0663194444444444	0.0209737827715356	0.0176470588235294
C:	-0.0493827160493827	0.0204705882352941	0.0154471544715447	0.00944170771756979	-0.0722846441947566	-0.0159505208333333	0.0628571428571429	-0.0656767561393489	-0.114583333333333	-0.125071387778412	-0.0941142191142191	-0.269165487977369	0.380117820324006	-0.142032967032967	-0.0728557504873294	0.029537802265075	0.166936353829558	0.0154197601370645	0.0322265625	0.0270955165692008	-0.0098116169544741	-0.15311986863711
G:	-0.0399221032132425	-0.0194109772423025	0.0263616557734205	0.0592436974789916	0.0859497645211931	0.0029296875	0.0421723300970874	0.0943977591036415	0.0871587158715872	-0.119645916619075	-0.136072261072261	0.25021216407355	-0.108643457382953	0.00134843581445523	0.11540404040404	0.149189985272459	0.00812324929971989	-0.134173669467787	-0.0654296875	-0.00486111111111111	0.0164956011730205	0.0518582541054451
T:	0.0936920222634508	0.0070242656449553	-0.0682994822779769	0.0477453580901857	-0.0395114942528736	0.00813802083333333	-0.0669772859638905	0.114136413641364	-0.266176470588235	0.352100840336134	0.371988795518207	-0.0266254780817888	-0.153125	-0.16890756302521	-0.048989898989899	0.0215794306703398	0.0021978021978022	0.0511136493432324	-0.0113932291666667	0.0480326125487416	-0.0284644194756554	0.0798771121351766

Energy matrix for enoLOGOS

PO	1	2	3	4	5	6	7	8	9	10	11	12	13	14	15	16	17	18	19	20	21	22
A:	0.0758052705512443	0.0646958774532171	-0.318349832932889	1.00610947035242	-0.296424747603831	-0.04497236509754	0.345991237036962	1.43089216493201	-2.62753866023044	1.05200918012292	1.36280613864774	-0.426780996936231	1.30959527164036	-2.80358712421693	-0.0837303670179653	2.11550005418828	1.69243229244156	-0.646985645775597	-0.410747601224198	0.610824656613698	-0.193175678213733	-0.162535418328991
C:	0.454831623307466	-0.18854108526163	-0.142273550461421	-0.0869613417715321	0.6657661767009	0.146909725985297	-0.578935680524217	0.60490527857068	1.0553515009556	1.1519500522346	0.866823991884705	2.47910576066063	-3.50101450663778	1.3081719704153	0.671026260044074	-0.27205321270147	-1.53754063922688	-0.142021239316594	-0.296817609643764	-0.24955893015686	0.0903683317501588	1.41028610786006
G:	0.367696158959127	0.17878170735429	-0.242799822442074	-0.5456546186759	-0.791626586131391	-0.026983419058524	-0.38842151447351	-0.869435491696351	-0.802761439561681	1.10197961617876	1.25327183965993	-2.30453919632615	1.00064322168529	-0.0124195528208956	-1.0629104924225	-1.37409054444947	-0.0748178909768373	1.23578516475535	0.602629692307035	0.0447724879193287	-0.151930101443889	-0.477632171407581
T:	-0.862935415185153	-0.0646958774532171	0.629061479009922	-0.439750999192497	0.363914310674346	-0.0749539418292333	0.616883600918614	-1.05123521847363	2.45157589312895	-3.24296858475464	-3.42614342128414	0.245229715699866	1.41033336945885	1.5556961468632	0.451213644485702	-0.198753901507291	-0.0202425063120356	-0.470774108105008	0.104935518560927	-0.442396710529164	0.262166991861494	-0.735695390695486

Reverse complement matrix for enoLOGOS

PO	1	2	3	4	5	6	7	8	9	10	11	12	13	14	15	16	17	18	19	20	21	22
T:	-0.162535418328991	-0.193175678213733	0.610824656613698	-0.410747601224198	-0.646985645775597	1.69243229244156	2.11550005418828	-0.0837303670179653	-2.80358712421693	1.30959527164036	-0.426780996936231	1.36280613864774	1.05200918012292	-2.62753866023044	1.43089216493201	0.345991237036962	-0.04497236509754	-0.296424747603831	1.00610947035242	-0.318349832932889	0.0646958774532171	0.0758052705512443
G:	1.41028610786006	0.0903683317501588	-0.24955893015686	-0.296817609643764	-0.142021239316594	-1.53754063922688	-0.27205321270147	0.671026260044074	1.3081719704153	-3.50101450663778	2.47910576066063	0.866823991884705	1.1519500522346	1.0553515009556	0.60490527857068	-0.578935680524217	0.146909725985297	0.6657661767009	-0.0869613417715321	-0.142273550461421	-0.18854108526163	0.454831623307466
C:	-0.477632171407581	-0.151930101443889	0.0447724879193287	0.602629692307035	1.23578516475535	-0.0748178909768373	-1.37409054444947	-1.0629104924225	-0.0124195528208956	1.00064322168529	-2.30453919632615	1.25327183965993	1.10197961617876	-0.802761439561681	-0.869435491696351	-0.38842151447351	-0.026983419058524	-0.791626586131391	-0.5456546186759	-0.242799822442074	0.17878170735429	0.367696158959127
A:	-0.735695390695486	0.262166991861494	-0.442396710529164	0.104935518560927	-0.470774108105008	-0.0202425063120356	-0.198753901507291	0.451213644485702	1.5556961468632	1.41033336945885	0.245229715699866	-3.42614342128414	-3.24296858475464	2.45157589312895	-1.05123521847363	0.616883600918614	-0.0749539418292333	0.363914310674346	-0.439750999192497	0.629061479009922	-0.0646958774532171	-0.862935415185153

Probability matrix

A:	0.200475639640475	0.231561575133466	0.317104873683202	0.0772277450323969	0.282520957415401	0.260551581887653	0.157019389991311	0.0396380569150434	0.838483603888089	0.0131256449615195	0.00806888020800706	0.123392646628653	0.00793193471779256	0.916997067106787	0.211949738303884	0.0182559292509348	0.0265410569723205	0.385484867646894	0.35058147773328	0.125121385851819	0.298780912053971	0.229794488693079
C:	0.137231103096895	0.298294956580445	0.2659095646621	0.230402918582517	0.107938520355766	0.215060366168272	0.395953277591271	0.0905386269102302	0.0210880149190707	0.0118772769545817	0.0132499908195313	0.00674961024934573	0.974092977633215	0.0150194372550954	0.0996428742205272	0.198749091929326	0.670930654687834	0.232650547577088	0.31283101273072	0.295795382423797	0.225014885825267	0.0476729359266041
G:	0.149725235780264	0.206594924906539	0.29403021685682	0.364498659246077	0.463568689716452	0.255906439413528	0.327268865711796	0.395486774460869	0.135208469557718	0.0124858688290194	0.00900292038380581	0.80684349841205	0.0108032717746083	0.0562573501847176	0.564267984512838	0.598292949654575	0.155390769394447	0.0586584199741984	0.127257914169659	0.220376296005697	0.286708205340718	0.314908504631685
T:	0.512568021482366	0.263548543379549	0.122955344797878	0.327870677139009	0.145971832512381	0.268481612530546	0.119758466705621	0.474336541713857	0.00521991163512248	0.962511209254879	0.969678208588656	0.0630142447099511	0.00717181587438398	0.0117261454533999	0.124139402962751	0.184702029165164	0.147137518945399	0.32320616480182	0.20932959536634	0.358706935718688	0.189495996780044	0.407624070748632



