# Motif: G..TGCAATC	Enrichment Score: 0.492104974930633
1	G..TGCAATC	0.492104974930633

Enrichment score matrix

A:	0.0300925925925926	0.0414454879542671	-0.0368217054263566	0.0610728524827836	0.0888157894736842	-0.0350378787878788	0.0295959912308174	0.00606796116504854	0.114443797320909	-0.147041847041847	-0.130911188004614	0.0498046875	0.422121212121212	0.412262156448203	-0.113095238095238	0.0151515151515152	-0.0529605263157895	0.0218637992831541	-0.0379310344827586	0.00546677880571909	-0.0800176834659593	0.0025025025025025
C:	-0.0479204339963834	0.0557491289198606	-0.0121753246753247	-0.0588981515041682	-0.0358552631578947	-0.0457637600494743	-0.052437641723356	0.0283389450056117	-0.0343622597553873	-0.0980392156862745	-0.218888888888889	0.29170653907496	-0.158484848484848	-0.0671280276816609	0.0316220238095238	0.155107778819119	0.0868421052631579	-0.06996336996337	0.0237547892720306	-0.0895927601809955	0.0944919278252612	0.00210526315789474
G:	0.0148148148148148	-0.0993217054263566	0.0695600475624257	-0.0388404698749526	0.03125	-0.0513296227581942	0.200870087008701	0.0445632798573975	-0.0502079619726679	-0.0764705882352941	0.428508384819064	-0.271768707482993	-0.136363636363636	-0.138125440451022	-0.198660714285714	-0.0701530612244898	-0.0355263157894737	0.056989247311828	0.00156739811912226	-0.0124784853700516	0.0546296296296296	0.0840046029919448
T:	0.00439024390243902	-0.0109326193663543	-0.00387596899224806	0.0511111111111111	-0.0835526315789474	0.143117040630685	-0.170294117647059	-0.0789167152009319	-0.0308677926616191	0.326882688268827	-0.0631067961165049	-0.0856459330143541	-0.124545454545455	-0.216235632183908	0.344833880978459	-0.103635204081633	0.0164473684210526	-0.0108695652173913	0.0286050156739812	0.105971404541632	-0.0663414634146341	-0.0775775775775776

Energy matrix for enoLOGOS

PO	1	2	3	4	5	6	7	8	9	10	11	12	13	14	15	16	17	18	19	20	21	22
A:	-0.277163020452987	-0.381727050941438	0.339140440053387	-0.562501758853928	-0.818023651458411	0.322710789548408	-0.272589152881851	-0.0558879876940302	-1.05406632678702	1.35430546017947	1.20573660002226	-0.458718123994908	-3.88788004186752	-3.79707478337285	1.04164563730683	-0.139550611696609	0.487784473647423	-0.201373033222418	0.349357738247372	-0.0503508935389783	0.736990100498536	-0.0230488998297702
C:	0.44136350787951	-0.513468452793097	0.112138884399061	0.54247202263361	0.330239177810988	0.421499806757104	0.482968528575849	-0.261011329284398	0.316488108297376	0.902974546272175	2.01604117031034	-2.68671651361155	1.45969939834653	0.618271983447536	-0.291249602536449	-1.42859543726528	-0.799845348092669	0.644386450933132	-0.218789694659971	0.825179816131803	-0.870302817674863	-0.019390190256792
G:	-0.13644948699224	0.914786713301898	-0.640671714340793	0.357733947755801	-0.287823136624256	0.472763296768103	-1.85008187189861	-0.410442975578261	0.462432419151508	0.704320146092296	-3.94670807642934	2.5030822983704	1.25595550526948	1.27218232058304	1.82973279711134	0.646133572013635	0.327209460583364	-0.524890365284664	-0.0144362701755113	0.114931097584901	-0.503157483283884	-0.77371098636854
T:	-0.0404356406574564	0.100693145521382	0.0356989936898302	-0.470750730123227	0.769548175816431	-1.31815665723856	1.56846678687477	0.726849808038889	0.284302876945101	-3.01070082066248	0.581235072017914	0.788828194537673	1.14710602814612	1.99160377296324	-3.17603741560113	0.954515504111052	-0.151485861381187	0.100112395347567	-0.26346193070308	-0.97603270552481	0.611027458823786	0.714515894722877

Reverse complement matrix for enoLOGOS

PO	1	2	3	4	5	6	7	8	9	10	11	12	13	14	15	16	17	18	19	20	21	22
T:	-0.0230488998297702	0.736990100498536	-0.0503508935389783	0.349357738247372	-0.201373033222418	0.487784473647423	-0.139550611696609	1.04164563730683	-3.79707478337285	-3.88788004186752	-0.458718123994908	1.20573660002226	1.35430546017947	-1.05406632678702	-0.0558879876940302	-0.272589152881851	0.322710789548408	-0.818023651458411	-0.562501758853928	0.339140440053387	-0.381727050941438	-0.277163020452987
G:	-0.019390190256792	-0.870302817674863	0.825179816131803	-0.218789694659971	0.644386450933132	-0.799845348092669	-1.42859543726528	-0.291249602536449	0.618271983447536	1.45969939834653	-2.68671651361155	2.01604117031034	0.902974546272175	0.316488108297376	-0.261011329284398	0.482968528575849	0.421499806757104	0.330239177810988	0.54247202263361	0.112138884399061	-0.513468452793097	0.44136350787951
C:	-0.77371098636854	-0.503157483283884	0.114931097584901	-0.0144362701755113	-0.524890365284664	0.327209460583364	0.646133572013635	1.82973279711134	1.27218232058304	1.25595550526948	2.5030822983704	-3.94670807642934	0.704320146092296	0.462432419151508	-0.410442975578261	-1.85008187189861	0.472763296768103	-0.287823136624256	0.357733947755801	-0.640671714340793	0.914786713301898	-0.13644948699224
A:	0.714515894722877	0.611027458823786	-0.97603270552481	-0.26346193070308	0.100112395347567	-0.151485861381187	0.954515504111052	-3.17603741560113	1.99160377296324	1.14710602814612	0.788828194537673	0.581235072017914	-3.01070082066248	0.284302876945101	0.726849808038889	1.56846678687477	-1.31815665723856	0.769548175816431	-0.470750730123227	0.0356989936898302	0.100693145521382	-0.0404356406574564

Probability matrix

A:	0.317923117330098	0.329860511803159	0.159405738478703	0.378504437662674	0.47391216893075	0.126163226587648	0.154530923042054	0.243286786222761	0.576130407351467	0.0120285113021923	0.00567647768962189	0.0941601467842841	0.983186322119124	0.979010527563966	0.0136756331901154	0.184502587775172	0.129980362713073	0.281616368960627	0.165305645031146	0.208860542088566	0.0945210869700809	0.217721327516804
C:	0.154977982092751	0.376309248757851	0.200027392937391	0.125368075652124	0.150318921087527	0.114295534349673	0.072590680367169	0.298677465144517	0.14631760001404	0.0188895845368559	0.00252445789599411	0.873925744438043	0.00467963074579373	0.0118365905660278	0.0518580869053427	0.66961861223081	0.471073062813435	0.120878543270091	0.291763513065224	0.0870198328824712	0.471592785357016	0.216926203861812
G:	0.276191937759875	0.090211427465812	0.42464983879016	0.150805675459541	0.278891130407976	0.108583993862203	0.748362094550079	0.34681653604659	0.126448522777779	0.0230407661344369	0.981199292924646	0.00487049999141891	0.00573715302964667	0.00615512637739121	0.00621849857018424	0.0840977073453883	0.152621102560586	0.389188220166989	0.237838093528718	0.177041607467674	0.326676549441119	0.461221321330399
T:	0.250906962817275	0.203618811973177	0.215917029793745	0.345321811225661	0.0968777795737473	0.650957245200475	0.0245163020406977	0.111219212586132	0.151103469856714	0.946041138026515	0.0105997714897379	0.0270436087862543	0.00639689410543571	0.00299775549261524	0.928247781334358	0.0617810926486302	0.246325471912906	0.208316867602293	0.305092748374912	0.527078017561289	0.107209578231784	0.104131147290985



# Motif: CTGCAATA	Enrichment Score: 0.49043647123098
2	CTGCAATA	0.49043647123098

Enrichment score matrix

A:	0.0848214285714286	0.117279272451686	0.0585106382978723	-0.0776521449950116	0.0025	0.038375350140056	0.00407955124936257	-0.0670234454638124	-0.176804915514593	-0.105452674897119	0.404016165698409	0.422628510863805	-0.353277060575968	0.189845184990816	-0.0238788584740827	-0.0275735294117647	0.00166223404255319	0.00343406593406593	-0.0288147879666546	0.0371352785145889
C:	-0.0148632580261593	-0.0643349039507068	-0.066383701188455	-0.117838541666667	-0.0136210590756045	0.0561056105610561	0.18281489036206	-0.127930682976555	-0.167549279199765	0.324703207880778	-0.111520611520612	-0.16510989010989	-0.0315315315315315	0.0897832817337461	0.0221480582524272	-0.0366666666666667	0.0249575551782683	0.0575935436537051	0.118252840909091	-0.0415966386554622
G:	-0.00977944236371203	-0.0649867374005305	0.0478723404255319	0.0397129186602871	0.0576230492196879	-0.000892857142857143	-0.106044252563411	-0.0909785932721713	0.380971880971881	-0.22972972972973	-0.234567901234568	-0.141736694677871	0.0195473251028807	-0.188473520249221	0.0151428571428571	0.0173383317713215	-0.0843803056027165	-0.00280504908835905	0.00625236832133384	-0.034618410700236
T:	-0.067775974025974	0.0143167814425516	-0.0422750424448217	0.1533203125	-0.0475971839608203	-0.096516276413478	-0.0899470899470899	0.280780780780781	-0.0708628005657709	0.00909090909090909	-0.0692651439920556	-0.139508290451687	0.369411467542309	-0.117476851851852	-0.0128130460104834	0.0451421430802874	0.0565159574468085	-0.055750350631136	-0.104813664596273	0.0432773109243697

Energy matrix for enoLOGOS

PO	1	2	3	4	5	6	7	8	9	10	11	12	13	14	15	16	17	18	19	20
A:	-0.781234227980123	-1.08018201785776	-0.538902894104989	0.715202686018104	-0.0230258509299405	-0.35345003668368	-0.03757405557155	0.617308745624296	1.62843345132789	0.971255028937818	-3.72112640186307	-3.89255243595708	3.25380197351592	-1.7485387717462	0.21993241424055	0.253961591139049	-0.0153097413098008	-0.0316289161125556	0.265394004919212	-0.342028554927498
C:	0.136895665457434	0.592546363184405	0.611416483097231	1.0853330776873	0.125454590313113	-0.516751770044868	-1.68378736530008	1.17828513423345	1.5431858905091	-2.9906270644545	1.02714279059576	1.52071828669167	0.290416137855105	-0.826934584480834	-0.20399115508321	0.337712480305793	-0.229867578044227	-0.530456140278892	-1.08914891472588	0.383119200346908
G:	0.0900719928179111	0.598549971123121	-0.440920549722264	-0.365769498025848	-0.530727896584462	0.00822351818926445	0.97670366060082	0.83794381060028	-3.50888069590302	2.11588900437291	2.16045021071046	1.30544320118206	-0.180037517559205	1.73590527259987	-0.139470868489925	-0.159691937096119	0.777171335292388	0.0258354568638883	-0.057586440370446	0.318847345686036
T:	0.624239789821438	-0.131862430117093	0.389367530156548	-1.41213226406275	0.438386265026721	0.888947757203869	0.828443313881456	-2.58608656090022	0.652670512922216	-0.0837303670179653	0.637955552080773	1.28491883977255	-3.4024053533759	1.08200179138378	0.118012514958344	-0.415774502889896	-0.520531204533228	0.51347970516978	0.965369526565827	-0.398598763997289

Reverse complement matrix for enoLOGOS

PO	1	2	3	4	5	6	7	8	9	10	11	12	13	14	15	16	17	18	19	20
T:	-0.342028554927498	0.265394004919212	-0.0316289161125556	-0.0153097413098008	0.253961591139049	0.21993241424055	-1.7485387717462	3.25380197351592	-3.89255243595708	-3.72112640186307	0.971255028937818	1.62843345132789	0.617308745624296	-0.03757405557155	-0.35345003668368	-0.0230258509299405	0.715202686018104	-0.538902894104989	-1.08018201785776	-0.781234227980123
G:	0.383119200346908	-1.08914891472588	-0.530456140278892	-0.229867578044227	0.337712480305793	-0.20399115508321	-0.826934584480834	0.290416137855105	1.52071828669167	1.02714279059576	-2.9906270644545	1.5431858905091	1.17828513423345	-1.68378736530008	-0.516751770044868	0.125454590313113	1.0853330776873	0.611416483097231	0.592546363184405	0.136895665457434
C:	0.318847345686036	-0.057586440370446	0.0258354568638883	0.777171335292388	-0.159691937096119	-0.139470868489925	1.73590527259987	-0.180037517559205	1.30544320118206	2.16045021071046	2.11588900437291	-3.50888069590302	0.83794381060028	0.97670366060082	0.00822351818926445	-0.530727896584462	-0.365769498025848	-0.440920549722264	0.598549971123121	0.0900719928179111
A:	-0.398598763997289	0.965369526565827	0.51347970516978	-0.520531204533228	-0.415774502889896	0.118012514958344	1.08200179138378	-3.4024053533759	1.28491883977255	0.637955552080773	-0.0837303670179653	0.652670512922216	-2.58608656090022	0.828443313881456	0.888947757203869	0.438386265026721	-1.41213226406275	0.389367530156548	-0.131862430117093	0.624239789821438

Probability matrix

A:	0.484749666331472	0.567621917122005	0.381907180667211	0.0767420918440611	0.240738864869416	0.316196258882815	0.143459929118431	0.037052642860749	0.00571428429746031	0.0176222563896323	0.976326818875932	0.984613516053141	0.00120633808170456	0.672254435752076	0.197327632996725	0.185676366771951	0.22991748447735	0.23976657355688	0.148086167599181	0.326919954693557
C:	0.193543581084592	0.106562021503004	0.120887241094269	0.0530014860387987	0.207520962056019	0.372286912283318	0.744169674786565	0.0211441504519541	0.00622277916424676	0.926157923773454	0.00846151464215073	0.00438846045534787	0.0233588336598366	0.267476765930334	0.30150573220694	0.170759187793977	0.284939910630203	0.394844913611735	0.573832325330659	0.158311972982665
G:	0.202821520914242	0.105924181491243	0.346261840100235	0.22620067038045	0.39998011901996	0.220233762342681	0.0520277921609564	0.0297165644669161	0.972901850811383	0.0056098764454583	0.00272432522389806	0.00544258187442995	0.0373909569791404	0.0206185849094879	0.282666778196899	0.280804507075597	0.104088282037954	0.22637693567075	0.204542292448764	0.168821079589304
T:	0.118885231669694	0.219891879883748	0.150943738138285	0.64405575173669	0.151760054054605	0.0912830664911854	0.0603426039340477	0.912086642220381	0.0151610857269097	0.0506099433914551	0.0124873412580194	0.00555544161708111	0.938043871279318	0.0396502134081018	0.218499856599437	0.362759938358475	0.381054322854494	0.139011577160636	0.0735392146213963	0.345946992734473



# Motif: ATTGCA..CA	Enrichment Score: 0.488182031648216
3	ATTGCA..CA	0.488182031648216

Enrichment score matrix

A:	-0.0663414634146341	0.105971404541632	0.0286050156739812	-0.0108695652173913	0.0164473684210526	-0.103635204081633	0.354166666666667	-0.189812007277138	-0.0870328968380709	-0.190688775510204	-0.0992179863147605	0.262538699690402	-0.0308677926616191	-0.0789167152009319	-0.212928921568627	0.143117040630685	-0.0835526315789474	0.0511111111111111	-0.00387596899224806	-0.0109326193663543	0.00439024390243902	0.0643863179074447
C:	0.0546296296296296	-0.0124784853700516	0.00156739811912226	0.056989247311828	-0.0355263157894737	-0.0701530612244898	-0.0770071852546079	-0.0833333333333333	-0.221488595438175	-0.224808673469388	0.421262254901961	-0.0190915075707702	-0.0502079619726679	0.0445632798573975	0.191176470588235	-0.0513296227581942	0.03125	-0.0388404698749526	0.0695600475624257	-0.0993217054263566	0.0148148148148148	-0.0537190082644628
G:	0.0944919278252612	-0.0895927601809955	0.0237547892720306	-0.06996336996337	0.0868421052631579	0.155107778819119	0.0165816326530612	-0.106060606060606	-0.111264156718702	0.337928921568627	-0.208227040816327	-0.0138248847926267	-0.0343622597553873	0.0283389450056117	-0.0539263603779733	-0.0457637600494743	-0.0358552631578947	-0.0588981515041682	-0.0121753246753247	0.0557491289198606	-0.0479204339963834	-0.0022883295194508
T:	-0.0800176834659593	0.00546677880571909	-0.0379310344827586	0.0218637992831541	-0.0529605263157895	0.0151515151515152	-0.295599489795918	0.410248635536689	0.412364945978391	0.0637755102040816	-0.130427991252734	-0.215170278637771	0.114443797320909	0.00606796116504854	0.0770609318996416	-0.0350378787878788	0.0888157894736842	0.0610728524827836	-0.0368217054263566	0.0414454879542671	0.0300925925925926	-0.0173867228661749

Energy matrix for enoLOGOS

PO	1	2	3	4	5	6	7	8	9	10	11	12	13	14	15	16	17	18	19	20	21	22
A:	0.611027458823786	-0.97603270552481	-0.26346193070308	0.100112395347567	-0.151485861381187	0.954515504111052	-3.26199554840823	1.74823319371046	0.801602603437723	1.75630852756434	0.913831424981019	-2.41807078496465	0.284302876945101	0.726849808038889	1.96114784268488	-1.31815665723856	0.769548175816431	-0.470750730123227	0.0356989936898302	0.100693145521382	-0.0404356406574564	-0.593019903225831
C:	-0.503157483283884	0.114931097584901	-0.0144362701755113	-0.524890365284664	0.327209460583364	0.646133572013635	0.709262387282765	0.767528364331349	2.03998535249653	2.07056440122551	-3.87996875351325	0.175839282940954	0.462432419151508	-0.410442975578261	-1.76080036523074	0.472763296768103	-0.287823136624256	0.357733947755801	-0.640671714340793	0.914786713301898	-0.13644948699224	0.494770350560704
G:	-0.870302817674863	0.825179816131803	-0.218789694659971	0.644386450933132	-0.799845348092669	-1.42859543726528	-0.152722480657768	0.976854281876262	1.02478075458015	-3.1124403891819	1.91784192056774	0.12733189454345	0.316488108297376	-0.261011329284398	0.496680134102984	0.421499806757104	0.330239177810988	0.54247202263361	0.112138884399061	-0.513468452793097	0.44136350787951	0.0210762937573826
T:	0.736990100498536	-0.0503508935389783	0.349357738247372	-0.201373033222418	0.487784473647423	-0.139550611696609	2.72257191480291	-3.77852957043171	-3.79802150993256	-0.587394156376032	1.20128619347081	1.98179150418683	-1.05406632678702	-0.0558879876940302	-0.709757412177376	0.322710789548408	-0.818023651458411	-0.562501758853928	0.339140440053387	-0.381727050941438	-0.277163020452987	0.160137635550692

Reverse complement matrix for enoLOGOS

PO	1	2	3	4	5	6	7	8	9	10	11	12	13	14	15	16	17	18	19	20	21	22
T:	-0.593019903225831	-0.0404356406574564	0.100693145521382	0.0356989936898302	-0.470750730123227	0.769548175816431	-1.31815665723856	1.96114784268488	0.726849808038889	0.284302876945101	-2.41807078496465	0.913831424981019	1.75630852756434	0.801602603437723	1.74823319371046	-3.26199554840823	0.954515504111052	-0.151485861381187	0.100112395347567	-0.26346193070308	-0.97603270552481	0.611027458823786
G:	0.494770350560704	-0.13644948699224	0.914786713301898	-0.640671714340793	0.357733947755801	-0.287823136624256	0.472763296768103	-1.76080036523074	-0.410442975578261	0.462432419151508	0.175839282940954	-3.87996875351325	2.07056440122551	2.03998535249653	0.767528364331349	0.709262387282765	0.646133572013635	0.327209460583364	-0.524890365284664	-0.0144362701755113	0.114931097584901	-0.503157483283884
C:	0.0210762937573826	0.44136350787951	-0.513468452793097	0.112138884399061	0.54247202263361	0.330239177810988	0.421499806757104	0.496680134102984	-0.261011329284398	0.316488108297376	0.12733189454345	1.91784192056774	-3.1124403891819	1.02478075458015	0.976854281876262	-0.152722480657768	-1.42859543726528	-0.799845348092669	0.644386450933132	-0.218789694659971	0.825179816131803	-0.870302817674863
A:	0.160137635550692	-0.277163020452987	-0.381727050941438	0.339140440053387	-0.562501758853928	-0.818023651458411	0.322710789548408	-0.709757412177376	-0.0558879876940302	-1.05406632678702	1.98179150418683	1.20128619347081	-0.587394156376032	-3.79802150993256	-3.77852957043171	2.72257191480291	-0.139550611696609	0.487784473647423	-0.201373033222418	0.349357738247372	-0.0503508935389783	0.736990100498536

Probability matrix

A:	0.107209578231784	0.527078017561289	0.305092748374912	0.208316867602293	0.246325471912906	0.0617810926486302	0.938085953868908	0.00388865894022322	0.00984865058934489	0.00702700912210942	0.00813828690323791	0.858039310413066	0.151103469856714	0.111219212586132	0.0163604129898191	0.650957245200475	0.0968777795737473	0.345321811225661	0.215917029793745	0.203618811973177	0.250906962817275	0.425718976412686
C:	0.326676549441119	0.177041607467674	0.237838093528718	0.389188220166989	0.152621102560586	0.0840977073453883	0.0176826448988438	0.0103684670113367	0.00285465701412854	0.00513205055017175	0.982774684936551	0.0641189432549209	0.126448522777779	0.34681653604659	0.676419051496134	0.108583993862203	0.278891130407976	0.150805675459541	0.42464983879016	0.090211427465812	0.276191937759875	0.143450380514338
G:	0.471592785357016	0.0870198328824712	0.291763513065224	0.120878543270091	0.471073062813435	0.66961861223081	0.0418699552946358	0.00841018326092098	0.00787864786689715	0.914621288370193	0.00298192542644703	0.0673058552612765	0.14631760001404	0.298677465144517	0.0707627182284596	0.114295534349673	0.150318921087527	0.125368075652124	0.200027392937391	0.376309248757851	0.154977982092751	0.230369202877114
T:	0.0945210869700809	0.208860542088566	0.165305645031146	0.281616368960627	0.129980362713073	0.184502587775172	0.00236144593761267	0.977332690787519	0.979418044529629	0.0732196519575257	0.00610510273376369	0.0105358910707368	0.576130407351467	0.243286786222761	0.236457817285587	0.126163226587648	0.47391216893075	0.378504437662674	0.159405738478703	0.329860511803159	0.317923117330098	0.200461440195862



# Motif: CGATTGCA	Enrichment Score: 0.486501252238071
4	CGATTGCA	0.486501252238071

Enrichment score matrix

A:	0.0405063291139241	0.0801924619085806	-0.0818518518518519	-0.0761839396019218	0.0847840103159252	-0.014868804664723	-0.0490196078431373	-0.177302996670366	0.286536536536537	-0.17466307277628	-0.181704260651629	-0.000576701268742791	-0.0782312925170068	0.236928104575163	-0.0215988083416087	-0.0937996820349762	-0.170294117647059	0.149915110356537	-0.032080822403403	-0.0627906976744186
C:	-0.00333333333333333	0.0833333333333333	0.0552736498731424	-0.00604838709677419	-0.0786589297227595	0.0550284629981025	0.113834422657952	-0.0610432852386237	-0.14963144963145	-0.124220374220374	-0.0256613756613757	-0.318476022359517	0.366987179487179	-0.0789321789321789	-0.0625163826998689	-0.0720064724919094	0.200870087008701	0.0069813829787234	0.0524316109422492	-0.121722846441948
G:	-0.121047877145438	-0.104269293924466	-0.0551242236024845	0.00652024708304736	0.0426116838487973	-0.0585072738772929	0.0441664154356346	0.165865384615385	-0.0444229840656688	-0.0572390572390572	-0.15056664867782	0.235833333333333	-0.126122448979592	-0.101109570041609	0.089622641509434	0.0879120879120879	-0.052437641723356	-0.0651595744680851	-0.0427083333333333	0.0299246928260008
T:	0.0808491418247516	-0.0552995391705069	0.0762957593330917	0.0893817204301075	-0.0322368421052632	0.0177548682703322	-0.0912309368191721	0.0586460246654421	-0.0880880880880881	0.351851851851852	0.358255451713396	0.0692850838481906	-0.155238095238095	-0.0656108597285068	-0.00969150969150969	0.0899044205495818	0.0295959912308174	-0.0738031914893617	0.0267635590216235	0.159203036053131

Energy matrix for enoLOGOS

PO	1	2	3	4	5	6	7	8	9	10	11	12	13	14	15	16	17	18	19	20
A:	-0.373077078358529	-0.738599869444762	0.753883415632125	0.701680014611775	-0.780889593110811	0.136946751886526	0.451487273136087	1.63302094830543	-2.63909903050869	1.60870635068479	1.67355808763978	0.00531161497807162	0.720536831821266	-2.18218848682442	0.198932376455295	0.86392699832527	1.56846678687477	-1.38076919328607	0.295475293748261	0.578323697775249
C:	0.0307011345732539	-0.767528364331349	-0.50908912893308	0.0557077038627592	0.724475516041969	-0.506830874359221	-1.04845377872714	0.562229434471354	1.37815658145786	1.1441119277039	0.236350004254415	2.93327256624425	-3.38007683522844	0.726992234267096	0.575797163490516	0.663204120635826	-1.85008187189861	-0.0643009135011635	-0.482912983029146	1.12110884677613
G:	1.11489214981464	0.960355687389963	0.507712862119805	-0.060053694944251	-0.392468112070463	0.538871906646298	-0.406787719172298	-1.52767664823643	0.409150803583684	0.527191199742745	1.38677008299048	-2.17210527105772	1.16163068364924	0.931253554947384	-0.825455033337488	-0.809700252481423	0.482968528575849	0.600141859344193	0.393358286719816	-0.275616606454301
T:	-0.744648114988138	0.509327578173798	-0.702709912396153	-0.823236068194108	0.296912288307127	-0.163528380029359	0.840267980558829	-0.540149848632033	0.811321274007912	-3.24067531606569	-3.29965465039645	-0.638139204942745	1.42979569584011	0.604298350197532	0.0892621029771102	-0.828050314206939	-0.272589152881851	0.679752514155157	-0.246501488154627	-1.46631415030133

Reverse complement matrix for enoLOGOS

PO	1	2	3	4	5	6	7	8	9	10	11	12	13	14	15	16	17	18	19	20
T:	0.578323697775249	0.295475293748261	-1.38076919328607	1.56846678687477	0.86392699832527	0.198932376455295	-2.18218848682442	0.720536831821266	0.00531161497807162	1.67355808763978	1.60870635068479	-2.63909903050869	1.63302094830543	0.451487273136087	0.136946751886526	-0.780889593110811	0.701680014611775	0.753883415632125	-0.738599869444762	-0.373077078358529
G:	1.12110884677613	-0.482912983029146	-0.0643009135011635	-1.85008187189861	0.663204120635826	0.575797163490516	0.726992234267096	-3.38007683522844	2.93327256624425	0.236350004254415	1.1441119277039	1.37815658145786	0.562229434471354	-1.04845377872714	-0.506830874359221	0.724475516041969	0.0557077038627592	-0.50908912893308	-0.767528364331349	0.0307011345732539
C:	-0.275616606454301	0.393358286719816	0.600141859344193	0.482968528575849	-0.809700252481423	-0.825455033337488	0.931253554947384	1.16163068364924	-2.17210527105772	1.38677008299048	0.527191199742745	0.409150803583684	-1.52767664823643	-0.406787719172298	0.538871906646298	-0.392468112070463	-0.060053694944251	0.507712862119805	0.960355687389963	1.11489214981464
A:	-1.46631415030133	-0.246501488154627	0.679752514155157	-0.272589152881851	-0.828050314206939	0.0892621029771102	0.604298350197532	1.42979569584011	-0.638139204942745	-3.29965465039645	-3.24067531606569	0.811321274007912	-0.540149848632033	0.840267980558829	-0.163528380029359	0.296912288307127	-0.823236068194108	-0.702709912396153	0.509327578173798	-0.744648114988138

Probability matrix

A:	0.299075808509821	0.400108089505652	0.0989476936705677	0.103685117318994	0.446347764239967	0.20312034437081	0.117392999151567	0.0275551693135352	0.911430400294523	0.00750739809040678	0.00662113873137723	0.0848894463299123	0.0159967574339268	0.861619247806318	0.178977082507243	0.0770180777372953	0.0245163020406977	0.652140703398544	0.172291509187839	0.0857899916288874
C:	0.199720495876864	0.411851657233196	0.349870787697563	0.197814732653854	0.099060748135238	0.38667179529815	0.526087908415735	0.0803973862008748	0.0164078457841907	0.0119470378548179	0.0278678989836141	0.00454209712522618	0.965841467447597	0.0469758079210324	0.122779858057042	0.0941381183318826	0.748362094550079	0.174826151755833	0.37524387197311	0.04985492076683
G:	0.0675405294002383	0.0731695373210348	0.126565747630326	0.222092130447729	0.302680231780962	0.135893770063314	0.276940384741356	0.649945002924686	0.0432399743591573	0.0221404022890794	0.00882029550661448	0.749020733386621	0.0102912311656234	0.038296994611303	0.498520731724674	0.410619674916078	0.072590680367169	0.0899585751961698	0.156226186423724	0.20151073516841
T:	0.433663166213077	0.114870715940117	0.424615771001543	0.476408019579423	0.151911255843833	0.274314090267726	0.0795787076913425	0.242102441560904	0.0289217795621294	0.958405161765696	0.956690666778394	0.161547723158241	0.00787054395285309	0.0531079496613468	0.199722327711041	0.418224129014744	0.154530923042054	0.0830745696494535	0.296238432415327	0.662844352435873



# Motif: ATTGCAT.C	Enrichment Score: 0.486174666536851
5	ATTGCAT.C	0.486174666536851

Enrichment score matrix

A:	-0.0663414634146341	0.105971404541632	0.0286050156739812	-0.0108695652173913	0.0164473684210526	-0.103635204081633	0.316608996539792	-0.168734491315136	-0.0770697167755991	-0.0117142857142857	-0.17877947295423	0.351176470588235	-0.0308677926616191	-0.0789167152009319	-0.149914334665905	0.143117040630685	-0.0835526315789474	0.0511111111111111	-0.00387596899224806	-0.0109326193663543	0.00439024390243902
C:	0.0546296296296296	-0.0124784853700516	0.00156739811912226	0.056989247311828	-0.0355263157894737	-0.0701530612244898	-0.121499292786422	-0.10658124635993	-0.173925339366516	-0.351158645276292	0.440328054298643	-0.0711764705882353	-0.0502079619726679	0.0445632798573975	0.294117647058824	-0.0513296227581942	0.03125	-0.0388404698749526	0.0695600475624257	-0.0993217054263566	0.0148148148148148
G:	0.0944919278252612	-0.0895927601809955	0.0237547892720306	-0.06996336996337	0.0868421052631579	0.155107778819119	0.0417668269230769	-0.128792057363486	-0.175653594771242	0.329062317996506	-0.146241830065359	-0.0533088235294118	-0.0343622597553873	0.0283389450056117	-0.151265126512651	-0.0457637600494743	-0.0358552631578947	-0.0588981515041682	-0.0121753246753247	0.0557491289198606	-0.0479204339963834
T:	-0.0800176834659593	0.00546677880571909	-0.0379310344827586	0.0218637992831541	-0.0529605263157895	0.0151515151515152	-0.228429985855728	0.420500873616773	0.433257918552036	0.0276292335115865	-0.108369408369408	-0.228823529411765	0.114443797320909	0.00606796116504854	0.0131118881118881	-0.0350378787878788	0.0888157894736842	0.0610728524827836	-0.0368217054263566	0.0414454879542671	0.0300925925925926

Energy matrix for enoLOGOS

PO	1	2	3	4	5	6	7	8	9	10	11	12	13	14	15	16	17	18	19	20	21
A:	0.611027458823786	-0.97603270552481	-0.26346193070308	0.100112395347567	-0.151485861381187	0.954515504111052	-2.91607662296132	1.55410209750467	0.709838323875071	0.10789255864315	1.64661979743097	-3.23445482474693	0.284302876945101	0.726849808038889	1.38076204891134	-1.31815665723856	0.769548175816431	-0.470750730123227	0.0356989936898302	0.100693145521382	-0.0404356406574564
C:	-0.503157483283884	0.114931097584901	-0.0144362701755113	-0.524890365284664	0.327209460583364	0.646133572013635	1.11904984151733	0.981649556244404	1.60191157487708	3.2342906475567	-4.05557125542051	0.655559520593599	0.462432419151508	-0.410442975578261	-2.70892363881652	0.472763296768103	-0.287823136624256	0.357733947755801	-0.640671714340793	0.914786713301898	-0.13644948699224
G:	-0.870302817674863	0.825179816131803	-0.218789694659971	0.644386450933132	-0.799845348092669	-1.42859543726528	-0.384686692218957	1.18621868552479	1.61782939540431	-3.03077595233928	1.34693703152266	0.490992409535495	0.316488108297376	-0.261011329284398	1.39320330159156	0.421499806757104	0.330239177810988	0.54247202263361	0.112138884399061	-0.513468452793097	0.44136350787951
T:	0.736990100498536	-0.0503508935389783	0.349357738247372	-0.201373033222418	0.487784473647423	-0.139550611696609	2.10391792089696	-3.87295617272382	-3.99045289871819	-0.254474644858522	0.998119136991936	2.10754259099926	-1.05406632678702	-0.0558879876940302	-0.120764952429758	0.322710789548408	-0.818023651458411	-0.562501758853928	0.339140440053387	-0.381727050941438	-0.277163020452987

Reverse complement matrix for enoLOGOS

PO	1	2	3	4	5	6	7	8	9	10	11	12	13	14	15	16	17	18	19	20	21
T:	-0.0404356406574564	0.100693145521382	0.0356989936898302	-0.470750730123227	0.769548175816431	-1.31815665723856	1.38076204891134	0.726849808038889	0.284302876945101	-3.23445482474693	1.64661979743097	0.10789255864315	0.709838323875071	1.55410209750467	-2.91607662296132	0.954515504111052	-0.151485861381187	0.100112395347567	-0.26346193070308	-0.97603270552481	0.611027458823786
G:	-0.13644948699224	0.914786713301898	-0.640671714340793	0.357733947755801	-0.287823136624256	0.472763296768103	-2.70892363881652	-0.410442975578261	0.462432419151508	0.655559520593599	-4.05557125542051	3.2342906475567	1.60191157487708	0.981649556244404	1.11904984151733	0.646133572013635	0.327209460583364	-0.524890365284664	-0.0144362701755113	0.114931097584901	-0.503157483283884
C:	0.44136350787951	-0.513468452793097	0.112138884399061	0.54247202263361	0.330239177810988	0.421499806757104	1.39320330159156	-0.261011329284398	0.316488108297376	0.490992409535495	1.34693703152266	-3.03077595233928	1.61782939540431	1.18621868552479	-0.384686692218957	-1.42859543726528	-0.799845348092669	0.644386450933132	-0.218789694659971	0.825179816131803	-0.870302817674863
A:	-0.277163020452987	-0.381727050941438	0.339140440053387	-0.562501758853928	-0.818023651458411	0.322710789548408	-0.120764952429758	-0.0558879876940302	-1.05406632678702	2.10754259099926	0.998119136991936	-0.254474644858522	-3.99045289871819	-3.87295617272382	2.10391792089696	-0.139550611696609	0.487784473647423	-0.201373033222418	0.349357738247372	-0.0503508935389783	0.736990100498536

Probability matrix

A:	0.107209578231784	0.527078017561289	0.305092748374912	0.208316867602293	0.246325471912906	0.0617810926486302	0.905931363870608	0.00431599355298689	0.00894515709662797	0.0391332352342073	0.00329180117453963	0.952985715027635	0.151103469856714	0.111219212586132	0.0151063582785299	0.650957245200475	0.0968777795737473	0.345321811225661	0.215917029793745	0.203618811973177	0.250906962817275
C:	0.326676549441119	0.177041607467674	0.237838093528718	0.389188220166989	0.152621102560586	0.0840977073453883	0.0160199862185955	0.00765056954128057	0.00366577227109982	0.00171699217238977	0.985970008982868	0.019483843208581	0.126448522777779	0.34681653604659	0.902168600372475	0.108583993862203	0.278891130407976	0.150805675459541	0.42464983879016	0.090211427465812	0.276191937759875
G:	0.471592785357016	0.0870198328824712	0.291763513065224	0.120878543270091	0.471073062813435	0.66961861223081	0.0720653693757693	0.00623520193306879	0.00360788312284076	0.902926019785738	0.00444205741265047	0.0229691653561257	0.14631760001404	0.298677465144517	0.0149195805418071	0.114295534349673	0.150318921087527	0.125368075652124	0.200027392937391	0.376309248757851	0.154977982092751
T:	0.0945210869700809	0.208860542088566	0.165305645031146	0.281616368960627	0.129980362713073	0.184502587775172	0.0059832805350269	0.981798234972664	0.983781187509431	0.0562237528076653	0.00629613242994201	0.00456127640765832	0.576130407351467	0.243286786222761	0.0678054608071881	0.126163226587648	0.47391216893075	0.378504437662674	0.159405738478703	0.329860511803159	0.317923117330098



