# Motif: ATTTCCGG Enrichment score: 0.49716940569463
1	ATTTCCGG	0.49716940569463

A:	0.0268817204301075	-0.043421052631579	-0.0579506404248672	0.0441176470588235	0.271625344352617	-0.344922592495408	0.138616557734205	-0.0375350140056022	-0.162040816326531	-0.158906882591093	-0.428326670474015	-0.211538461538462	0.0244755244755245	0.0376275510204082	0.00493421052631579	-0.0216907675194661
C:	0.0319074333800842	0.0105263157894737	0.0318877551020408	-0.00490196078431373	-0.242328042328042	0.277192008879023	-0.362337662337662	-0.192898781134075	0.49660152931181	0.494439810953572	-0.146498599439776	-0.0439851616322205	-0.00770988006853227	-0.0301468291159013	-0.0483552631578947	0.0551587301587302
G:	-0.00549450549450549	0.0108552631578947	0.0504529834426742	0.00947666195190948	0.151127819548872	-0.146549462083443	-0.173474945533769	-0.232142857142857	-0.159319727891156	-0.122641509433962	0.422202797202797	0.364779874213836	-0.164425770308123	-0.0274234693877551	0.0440789473684211	-0.0518939393939394
T:	-0.0537634408602151	0.0404605263157895	-0.00577944392377382	-0.0317185697808535	-0.154385964912281	0.264655904842821	0.399278499278499	0.487993138936535	-0.150223038572553	-0.182242990654206	0.168041804180418	-0.0952380952380952	0.148459383753501	0.0201499531396439	0.0171052631578947	0.0218907400232468

Energy matrix for enoLOGOS

PO	1	2	3	4	5	6	7	8	9	10	11	12	13	14	15	16
A:	-0.247589794945596	0.399922674046334	0.53374512308703	-0.406338545822479	-2.50176187514284	3.17685447886715	-1.27670567792371	0.34571025485849	1.49245107252022	1.46358647611362	3.94503442546096	1.94834123253342	-0.225427911202214	-0.346562552261859	-0.0454457584143562	0.199779351783688
C:	-0.29387832182673	-0.0969509512839598	-0.293697078188016	0.0451487273136087	2.23192375151592	-2.55303275016765	3.33725319971605	1.77666343158417	-4.57386911420567	-4.55395895233796	1.34930196485814	0.405118309949138	0.0710106196582972	0.277662557293253	0.44536843246069	-0.508030679247893
G:	0.0506062657800889	-0.0999806685115836	-0.464689150288708	-0.0872832821672425	-1.39193865771971	1.34977042711852	1.59776329437604	2.13811472920876	1.46738892184818	1.12957004561972	-3.8886314682382	-3.35974680235609	1.51441731046219	0.252579487241694	-0.405982108501582	0.477960845060885
T:	0.495179589891193	-0.372655218997721	0.0532306456987065	0.292138823793939	1.42194728549808	-2.43757096505572	-3.67749088156683	-4.49458290879455	1.38360531696572	1.67851997433211	-1.54772221322262	0.877175273521541	-1.36736145578358	-0.18558792689549	-0.157545295836435	-0.201621166608545

Reverse complement matrix for enoLOGOS

PO	1	2	3	4	5	6	7	8	9	10	11	12	13	14	15	16
T:	0.199779351783688	-0.0454457584143562	-0.346562552261859	-0.225427911202214	1.94834123253342	3.94503442546096	1.46358647611362	1.49245107252022	0.34571025485849	-1.27670567792371	3.17685447886715	-2.50176187514284	-0.406338545822479	0.53374512308703	0.399922674046334	-0.247589794945596
G:	-0.508030679247893	0.44536843246069	0.277662557293253	0.0710106196582972	0.405118309949138	1.34930196485814	-4.55395895233796	-4.57386911420567	1.77666343158417	3.33725319971605	-2.55303275016765	2.23192375151592	0.0451487273136087	-0.293697078188016	-0.0969509512839598	-0.29387832182673
C:	0.477960845060885	-0.405982108501582	0.252579487241694	1.51441731046219	-3.35974680235609	-3.8886314682382	1.12957004561972	1.46738892184818	2.13811472920876	1.59776329437604	1.34977042711852	-1.39193865771971	-0.0872832821672425	-0.464689150288708	-0.0999806685115836	0.0506062657800889
A:	-0.201621166608545	-0.157545295836435	-0.18558792689549	-1.36736145578358	0.877175273521541	-1.54772221322262	1.67851997433211	1.38360531696572	-4.49458290879455	-3.67749088156683	-2.43757096505572	1.42194728549808	0.292138823793939	0.0532306456987065	-0.372655218997721	0.495179589891193

Probability matrix

A:	0.30624805947111	0.154859223844433	0.131261234555048	0.349545497553602	0.736280048822154	0.00169633564220128	0.0826569663791602	0.00781787029603799	0.00230291751358608	0.00241678556196433	0.000359518490641077	0.00474919184780344	0.197948115164091	0.340567819390184	0.240104663184879	0.189371823280931
C:	0.320757040155946	0.254522717761126	0.30025487451827	0.222548812383706	0.00647484662997664	0.52236033625032	0.000819337027149228	0.00186910367930826	0.992767988764352	0.992258646336388	0.00481984992549102	0.0222245467802271	0.147166768137033	0.182434129220325	0.146974739813298	0.384338022535845
G:	0.227283779049246	0.255295018960315	0.356246806664595	0.254062034757166	0.242690587625611	0.010543973576974	0.004665663885249	0.00130213822592387	0.00236136290373121	0.0033752007618111	0.907484262947413	0.959164411887755	0.0347493104992114	0.187068010293141	0.344333710212868	0.143384654142569
T:	0.145711121323698	0.335323039434126	0.212237084262087	0.173843655305527	0.0145545169222577	0.465399354530504	0.911858032708442	0.98901088779873	0.00256773081833041	0.00194936733983698	0.0873363686364553	0.0138618494842146	0.620135806199664	0.289930041096349	0.268586886788954	0.282905500040656



