# Motif: ACTTCCGG Enrichment score: 0.497833216703623
1	ACTTCCGG	0.497833216703623

A:	-0.03125	0.0256578947368421	0.0281818181818182	0.094988344988345	0.252427184466019	-0.378378378378378	0.241720085470085	0.00113665066936095	-0.112481857764877	-0.159259259259259	-0.367919389978213	-0.22034632034632	0.024878640776699	0.0121173469387755	-0.0105263157894737	-0.0229390681003584
C:	0.0851543531044051	-0.0661184210526316	0.0439691027926322	-0.000810810810810811	-0.14481351981352	0.312605042016807	-0.303952991452991	-0.269121477622543	0.5	0.499450247388675	-0.210533910533911	0.0276005547850208	0.00145602795573675	-0.00612745098039216	0.0115131578947368	0.0519713261648745
G:	0.0078125	0.00690789473684211	-0.0552584670231729	-0.0717086834733894	0.115933752141633	-0.0293959007551241	-0.242040816326531	-0.170488670488671	-0.136883116883117	-0.166326009197752	0.449943438914027	0.366798642533937	-0.195107746068725	-0.014030612244898	-0.0171370967741935	-0.0243818681318681
T:	-0.0627659574468085	0.0342741935483871	-0.0170173267326733	-0.0195221445221445	-0.218096809680968	0.133790737564322	0.311875693673696	0.484224598930481	-0.223973973973974	-0.158249158249158	0.15025421461065	-0.172385620915033	0.166571428571429	0.00765385816932209	0.0157894736842105	-0.00350631136044881

Energy matrix for enoLOGOS

PO	1	2	3	4	5	6	7	8	9	10	11	12	13	14	15	16
A:	0.287823136624256	-0.236317943754652	-0.259564137755692	-0.874874988713355	-2.32494028807166	3.48499365426126	-2.22632426192266	-0.0104689395488489	1.03599619568673	1.46683198516658	3.38866281114919	2.02946461010211	-0.229140749545524	-0.111604889711446	0.0969509512839598	0.211276625020242
C:	-0.784300576247018	0.608973162752373	-0.404970402570551	0.00746784354484555	1.33378180794643	-2.87919883897071	2.79951050836242	2.4787004103128	-4.60517018598809	-4.60010677731741	1.9390889758605	-0.254210504025418	-0.0134105130634481	0.0564359091420109	-0.106040102966831	-0.478673603561486
G:	-0.0719557841560639	-0.0636240617800986	0.508949289717044	0.660461382416219	-1.06778931782477	0.270746251495524	2.22927830227832	1.57025868476635	1.26074009767051	1.53191915742373	-4.14413222053566	-3.37834034571638	1.79700875050205	0.129226714402727	0.157838494277818	0.224565304399145
T:	0.57809583185808	-0.315676988555635	0.15673537142905	0.179805595839861	2.00874585120383	-1.23225823158515	-2.87248129248092	-4.45987337263339	2.06287653476444	1.45752861105347	-1.38389245888805	1.58773024386191	-1.53417955338918	-0.0704946388982869	-0.14542642692594	0.0322943210798604

Reverse complement matrix for enoLOGOS

PO	1	2	3	4	5	6	7	8	9	10	11	12	13	14	15	16
T:	0.211276625020242	0.0969509512839598	-0.111604889711446	-0.229140749545524	2.02946461010211	3.38866281114919	1.46683198516658	1.03599619568673	-0.0104689395488489	-2.22632426192266	3.48499365426126	-2.32494028807166	-0.874874988713355	-0.259564137755692	-0.236317943754652	0.287823136624256
G:	-0.478673603561486	-0.106040102966831	0.0564359091420109	-0.0134105130634481	-0.254210504025418	1.9390889758605	-4.60010677731741	-4.60517018598809	2.4787004103128	2.79951050836242	-2.87919883897071	1.33378180794643	0.00746784354484555	-0.404970402570551	0.608973162752373	-0.784300576247018
C:	0.224565304399145	0.157838494277818	0.129226714402727	1.79700875050205	-3.37834034571638	-4.14413222053566	1.53191915742373	1.26074009767051	1.57025868476635	2.22927830227832	0.270746251495524	-1.06778931782477	0.660461382416219	0.508949289717044	-0.0636240617800986	-0.0719557841560639
A:	0.0322943210798604	-0.14542642692594	-0.0704946388982869	-1.53417955338918	1.58773024386191	-1.38389245888805	1.45752861105347	2.06287653476444	-4.45987337263339	-2.87248129248092	-1.23225823158515	2.00874585120383	0.179805595839861	0.15673537142905	-0.315676988555635	0.57809583185808

Probability matrix

A:	0.163863249789513	0.298202990954023	0.304906501174014	0.505689212044165	0.755659225788223	0.00139194203478398	0.341719936345204	0.0115121474144157	0.00352177101961617	0.00230253197345226	0.000502057817609837	0.00424611638237942	0.177757960985117	0.278472673087863	0.225211756005071	0.193183888590483
C:	0.478739184974623	0.128058005059666	0.352627211521121	0.209260406996157	0.0194698753849091	0.808266970189848	0.00224376830563327	0.000955264918809196	0.992404092181949	0.993215975063126	0.00213941803093469	0.0416657682715844	0.143264506679694	0.235398337871503	0.275898253679862	0.385134550285319
G:	0.234818096748251	0.250906547812781	0.141385718635076	0.108916976009382	0.21495733031299	0.0346378606455758	0.00396850296945499	0.0023694909675903	0.0028129115667561	0.00215743971862089	0.938004775630671	0.94748369523259	0.0234360012535832	0.218872272411147	0.211908283151528	0.190633711603659
T:	0.122579468487613	0.32283245617353	0.20108056866979	0.176133404950295	0.00991356851387826	0.155703227129793	0.652067792379708	0.985163096699185	0.00126122523167903	0.00232405324480114	0.0593537485207848	0.00660442011344618	0.655541531081606	0.267256716629486	0.286981707163539	0.231047849520538



