# Motif: ACTTCCGG Enrichment score: 0.49474157555999
1	ACTTCCGG	0.49474157555999

A:	-0.0225806451612903	-0.0703947368421053	-0.0292096219931271	0.0484429065743945	0.201884637350086	-0.341249016006298	0.212339743589744	-0.0155342258145996	-0.12699564586357	-0.182275132275132	-0.339052287581699	-0.172438672438672	0.0250582750582751	-0.0121173469387755	-0.000657894736842105	-0.0435669262143122
C:	0.0241935483870968	-0.0190789473684211	0.0105229591836735	0.0066320645905421	-0.142482517482517	0.236681465038846	-0.24599358974359	-0.250414397347857	0.498145204027557	0.491478834524464	-0.218903318903319	0.0436893203883495	0.00314106225014278	-0.0273352077475789	-0.0328947368421053	0.055952380952381
G:	0.0638736263736264	0.0134868421052632	0.0482661668228679	-0.028995756718529	0.0668189605939463	-0.0271582261873524	-0.24312925170068	-0.165301665301665	-0.11038961038961	-0.154062340316811	0.430147058823529	0.292986425339367	-0.133333333333333	0.0615433673469388	0.0598684210526316	-0.0238636363636364
T:	-0.0688172043010753	0.0898026315789474	-0.0157763199000312	-0.01239907727797	-0.124312431243124	0.168932313792127	0.280799112097669	0.475133689839572	-0.232732732732733	-0.139169472502806	0.151592186245652	-0.162309368191721	0.106162464985994	-0.021087160262418	-0.0131578947368421	0.015304145679969

Energy matrix for enoLOGOS

PO	1	2	3	4	5	6	7	8	9	10	11	12	13	14	15	16
A:	0.207975427754301	0.648359486711481	0.269030560693462	-0.446175658158016	-1.85942622586726	3.14301958901995	-1.95572131295969	0.143075507167602	1.16967312416243	1.67881600960095	3.1227869725246	1.58821886645188	-0.230795242421315	0.111604889711446	0.00605943445524749	0.401266219394587
C:	-0.222830815451037	0.175723599202177	-0.0969200358020453	-0.0610835722478236	1.31231248307003	-2.17991685274575	2.26568469086273	2.30640183361705	-4.58808688376132	-4.52668735159247	2.01617407565482	-0.402393511397018	-0.0289302524533804	0.251766567493882	0.302971722762374	-0.515340473193906
G:	-0.588297839693534	-0.124218406332574	-0.444547824889197	0.267060788720667	-0.615425370371909	0.250136507084633	2.23930316254713	1.52248460148282	1.01672588521815	1.41896659282106	-3.96180082176917	-2.69850470174415	1.22804538293016	-0.566835360902871	-0.551408535427522	0.219792213422159
T:	0.633829875060727	-0.827112803141282	0.145305276096469	0.11419972202854	1.14495980421706	-1.55592410985098	-2.58625539856823	-4.37614300561542	2.14354768416863	1.28179821113922	-1.39621563305446	1.49492452660616	-0.977792437249012	0.19421992349528	0.12118868910495	-0.140956390814823

Reverse complement matrix for enoLOGOS

PO	1	2	3	4	5	6	7	8	9	10	11	12	13	14	15	16
T:	0.401266219394587	0.00605943445524749	0.111604889711446	-0.230795242421315	1.58821886645188	3.1227869725246	1.67881600960095	1.16967312416243	0.143075507167602	-1.95572131295969	3.14301958901995	-1.85942622586726	-0.446175658158016	0.269030560693462	0.648359486711481	0.207975427754301
G:	-0.515340473193906	0.302971722762374	0.251766567493882	-0.0289302524533804	-0.402393511397018	2.01617407565482	-4.52668735159247	-4.58808688376132	2.30640183361705	2.26568469086273	-2.17991685274575	1.31231248307003	-0.0610835722478236	-0.0969200358020453	0.175723599202177	-0.222830815451037
C:	0.219792213422159	-0.551408535427522	-0.566835360902871	1.22804538293016	-2.69850470174415	-3.96180082176917	1.41896659282106	1.01672588521815	1.52248460148282	2.23930316254713	0.250136507084633	-0.615425370371909	0.267060788720667	-0.444547824889197	-0.124218406332574	-0.588297839693534
A:	-0.140956390814823	0.12118868910495	0.19421992349528	-0.977792437249012	1.49492452660616	-1.39621563305446	1.28179821113922	2.14354768416863	-4.37614300561542	-2.58625539856823	-1.55592410985098	1.14495980421706	0.11419972202854	0.145305276096469	-0.827112803141282	0.633829875060727

Probability matrix

A:	0.184878040898111	0.10937737160645	0.178098461394161	0.364772031357128	0.724780245025311	0.00299525597149753	0.343836150297662	0.0107376177438642	0.00313301712317954	0.00200299483821797	0.000775675233994803	0.0121735080544484	0.240363609921352	0.210052058579194	0.228278945637306	0.15577298139555
C:	0.284434390183604	0.175465056568755	0.256797323114919	0.248186505274042	0.0303904917971909	0.613982321849985	0.00504682449588899	0.0012342048622199	0.9920331115484	0.992420432764373	0.00234571799806258	0.089110261623333	0.196426404273642	0.182580965316272	0.169636182128288	0.389555518285862
G:	0.409923122797224	0.236839316263364	0.363549308435939	0.178758572765862	0.208902501496314	0.0540501746921407	0.00518173924304595	0.00270295105265168	0.00365079048845457	0.0025973531218749	0.925715021388598	0.885352338101349	0.055885904504628	0.413970886383057	0.398631047778975	0.186769214172674
T:	0.120764446121061	0.47831825556143	0.20155490705498	0.208282890602968	0.0359267616811846	0.328972247486376	0.645935285963404	0.985325226341264	0.00118308083996589	0.00297921927553403	0.0711635853793452	0.0133638922208696	0.507324081300378	0.193396089721477	0.203453824455431	0.267902286145915



